Exact u_0=  0.12873288326
  
 t(i)
 0.3000
 0.4000
 0.5000
 0.6000
 0.7000
 0.8000
 0.9000
 1.0000
 1.1000
 1.2000
 1.3000
  
 u(i)
 0.12873288326
 0.18947554137
 0.25877853747
 0.33593593332
 0.41994958054
 0.50955836229
 0.60326976120
 0.69939352172
 0.79607712487
 0.89134274850
 0.98312534801
  
 Euler
  
 y(i)
 0.12873288326
 0.18503854663
 0.24904405057
 0.32047029045
 0.39866749191
 0.48266896655
 0.57123426795
 0.66288878936
 0.75596244647
 0.84862846083
 0.93894255897
  
 r(i)
 0.0000E+00
-4.4370E-03
-9.7345E-03
-1.5466E-02
-2.1282E-02
-2.6889E-02
-3.2035E-02
-3.6505E-02
-4.0115E-02
-4.2714E-02
-4.4183E-02
  
 Runge-Kutt
  
 y(i)
 0.12873288326
 0.18917277977
 0.25819384142
 0.33510035282
 0.41889890768
 0.50833029201
 0.60190218202
 0.69792337943
 0.79453961593
 0.88977072384
 0.98154886337
  
 r(i)
 0.0000E+00
-3.0276E-04
-5.8470E-04
-8.3558E-04
-1.0507E-03
-1.2281E-03
-1.3676E-03
-1.4701E-03
-1.5375E-03
-1.5720E-03
-1.5765E-03
  
 Adams
  
 y(i)
 0.12873288326
 0.18943845553
 0.25866656777
 0.33571056286
 0.41957318758
 0.50899523112
 0.60248678500
 0.69836072183
 0.79476804504
 0.88973475436
 0.98119984810
  
 r(i)
 0.0000E+00
-3.7086E-05
-1.1197E-04
-2.2537E-04
-3.7639E-04
-5.6313E-04
-7.8298E-04
-1.0328E-03
-1.3091E-03
-1.6080E-03
-1.9255E-03
  
