#t           x1         x_precise
0.00000        0.00000        0.00000
0.05000        0.00059        0.00053
0.10000        0.00284        0.00260
0.15000        0.00752        0.00698
0.20000        0.01537        0.01440
0.25000        0.02714        0.02562
0.30000        0.04358        0.04140
0.35000        0.06544        0.06247
0.40000        0.09348        0.08960
0.45000        0.12843        0.12352
0.50000        0.17106        0.16500
0.55000        0.22211        0.21477
0.60000        0.28233        0.27360
0.65000        0.35247        0.34223
0.70000        0.43328        0.42140
0.75000        0.52551        0.51188
0.80000        0.62991        0.61440
0.85000        0.74724        0.72973
0.90000        0.87823        0.85860
0.95000        1.02365        1.00178
1.00000        1.18424        1.16000
